0,Judy,F,0,1500,1586,86,1525,25,ISTP,0,1,,,-1
1,Mark,M,0,1500,1596,96,1525,25,ESFJ,0,0,,,0
2,Bradley,M,1,1533,1576,43,,,ESFP,0,,0,1,1
3,Julia,F,1,1542,1621,79,1574,32,ESFP,0,,0,1,1
4,Martin,M,1,1552,1602,50,1574,22,INFP,0,3,,,3
5,Virginia,F,2,1575,1627,52,1602,27,ESFJ,0,,3,4,4
6,Jonathan,M,2,1581,1638,57,1609,28,ENFJ,0,5,3,4,4
7,Marcus,M,1,1585,1652,67,1611,26,ESTJ,0,3,,,3
8,Francis,M,2,1614,1699,85,,,ESTJ,0,,3,7,7
9,Troy,M,2,1568,1663,95,1602,34,ESTP,0,5,,,5
10,Joanne,F,3,1602,1682,80,1623,21,ESTJ,0,,5,9,9
11,Harry,M,3,1592,1696,104,1623,31,ENFP,0,10,,,10
12,Victor,M,4,1625,1709,84,,,ESFP,0,,10,11,11
13,Brenda,F,4,1638,1724,86,1665,27,ESFP,0,,10,11,11
14,Larry,M,4,1646,1704,58,1680,34,ESFJ,0,,10,11,11
15,Bradley,M,4,1637,1704,67,1665,28,ESFP,0,13,,,13
16,George,M,5,1681,1753,72,1706,25,ESTJ,0,,13,15,15
17,Roger,M,4,1673,1745,72,1707,34,ESFJ,0,13,,,13
18,Rose,F,5,1670,1761,91,1706,36,ESTJ,0,16,,,16
19,Irene,F,6,1708,1791,83,1724,16,ESFJ,0,,16,18,18
20,Jacob,M,6,1700,1789,89,1724,24,ESFJ,0,19,,,19
21,Beverly,F,7,1730,1791,61,1753,23,ESTP,0,,19,20,20
22,Steven,M,7,1725,1774,49,1753,28,ISTP,0,21,,,21
23,Johnny,M,8,1757,1866,109,1778,21,ISTJ,0,,21,22,22
24,Jose,M,7,1755,1839,84,1776,21,ESFP,0,21,,,21
25,Clara,F,8,1777,1863,86,1804,27,ESFP,0,,21,24,24
26,Richard,M,8,1793,1852,59,,,ESTJ,0,,21,24,24
27,Ellen,F,8,1756,1809,53,1778,22,ESTJ,0,23,,,23
28,Betty,F,9,1783,1861,78,1816,33,ESFP,0,,23,27,27
29,Rose,F,8,1786,1842,56,1812,26,ESFP,0,23,,,23
30,Melvin,M,9,1824,1888,64,,,ESFJ,0,,23,29,29
31,Beverly,F,8,1812,1881,69,1844,32,ESFP,0,23,,,23
32,Rodney,M,9,1849,1910,61,,,ESTJ,0,,23,31,31
33,Bradley,M,9,1790,1874,84,1816,26,ESFJ,0,28,,,28
34,Leonard,M,8,1775,1851,76,1804,29,INTP,0,25,,,25
35,Lawrence,M,9,1818,1905,87,1844,26,ESFP,0,,25,34,34
36,Tiffany,F,9,1811,1880,69,1844,33,ESTJ,0,35,,,35
37,Norma,F,10,1850,1915,65,1877,27,ESFJ,0,,35,36,36
38,Hazel,F,9,1855,1892,37,1881,26,ESFJ,0,35,,,35
39,Beverly,F,10,1883,1956,73,1904,21,ESFP,0,,35,38,38
40,Jose,M,10,1893,1965,72,,,ISTP,0,,35,38,38
41,Betty,F,9,1881,1937,56,1899,18,ESFJ,0,35,,,35
42,Joanne,F,10,1913,1954,41,1936,23,ESTJ,0,,35,41,41
43,Mary,F,10,1916,2014,98,1944,28,ESTJ,0,,35,41,41
44,Jonathan,M,10,1844,1951,107,1877,33,ESTJ,0,37,,,37
45,Joe,M,11,1885,1959,74,,,ESTJ,0,,37,44,44
46,Kevin,M,10,1871,1930,59,1904,33,ESFP,0,39,,,39
47,Timothy,M,11,1916,2010,94,1944,28,ESFJ,0,,39,46,46
48,Matthew,M,11,1920,1994,74,,,ESFP,0,,39,46,46
49,Kevin,M,10,1908,1981,73,1932,24,ESTP,0,39,,,39
50,Laura,F,11,1921,1980,59,1944,23,ENFJ,0,47,,,47
51,Ann,F,12,1951,2050,99,1977,26,ENFJ,0,,47,50,50
52,Leslie,F,11,1967,2069,102,1987,20,ESTJ,0,47,,,47
53,Donald,M,12,1992,2090,98,2020,28,INTJ,0,,47,52,52
54,Steve,M,12,2008,2095,87,,,ESTJ,0,,47,52,52
55,Leroy,M,12,1945,2040,95,1977,32,ESTP,0,51,,,51
56,Thelma,F,12,1991,2067,76,2020,29,ESFJ,0,53,,,53
57,Matthew,M,13,2035,2094,59,2059,24,ENTJ,0,,53,56,56
58,Jennifer,F,13,2028,2120,92,2059,31,INFP,0,57,,,57
59,Rodney,M,14,2065,2133,68,,,ESTP,0,,57,58,58
60,Joel,M,10,1907,1981,74,1936,29,ESTP,0,42,,,42
61,Timothy,M,10,1915,1994,79,1944,29,ESTJ,0,43,,,43
62,Kevin,M,11,1946,2040,94,1968,22,ESFP,0,,43,61,61
63,Joel,M,11,1954,2022,68,,,ESFJ,0,,43,61,61
64,Scott,M,10,1966,2037,71,1998,32,ESFJ,0,43,,,43
65,Joan,F,11,2007,2087,80,2044,37,ESFP,0,,43,64,64
66,Diana,F,11,1938,2002,64,1968,30,ESTJ,0,62,,,62
67,Daniel,M,12,1970,2053,83,1988,18,ISFJ,0,,62,66,66
68,Connie,F,11,1973,2059,86,2004,31,ESFP,0,62,,,62
69,Nicole,F,12,1955,2021,66,1988,33,ENFP,0,67,,,67
70,Jacqueline,F,12,1997,2056,59,2024,27,ESFP,0,67,,,67
71,Sarah,F,13,2024,2106,82,,,ISTP,0,,67,70,70
72,David,M,13,2032,2116,84,,,ENFP,0,,67,70,70
73,Troy,M,11,2011,2075,64,2044,33,ESTJ,0,65,,,65
74,Jane,F,4,1654,1731,77,1680,26,ESFJ,0,14,,,14
75,Ann,F,5,1691,1769,78,1718,27,ISTJ,0,,14,74,74
76,Kimberly,F,5,1695,1745,50,1730,35,ESFJ,0,,14,74,74
77,Bryan,M,5,1686,1768,82,1718,32,ESFJ,0,75,,,75
78,Larry,M,5,1692,1773,81,1730,38,ESTJ,0,76,,,76
79,Edith,F,2,1583,1631,48,1609,26,INFJ,0,6,,,6
80,Ralph,M,3,1610,1679,69,,,ESTJ,0,,6,79,79
81,Walter,M,3,1617,1682,65,,,ESFP,0,,6,79,79
82,Edna,F,3,1623,1712,89,1650,27,ENFJ,0,,6,79,79
83,Joel,M,3,1620,1684,64,1650,30,ESTP,0,82,,,82
84,Sara,F,4,1665,1701,36,1691,26,ESFJ,0,,82,83,83
85,Craig,M,3,1652,1738,86,1685,33,ISTJ,0,82,,,82
86,Juanita,F,4,1685,1761,76,1705,20,ENFJ,0,,82,85,85
87,Joshua,M,4,1693,1761,68,,,ESTJ,0,,82,85,85
88,Jimmy,M,4,1668,1751,83,1691,23,ESTJ,0,84,,,84
89,Bruce,M,5,1697,1778,81,,,INTP,0,,84,88,88
90,Brandon,M,4,1672,1762,90,1705,33,ESTP,0,86,,,86
91,Paul,M,5,1710,1776,66,,,ISFP,0,,86,90,90
92,Harold,M,5,1726,1786,60,1752,26,ESFJ,0,,86,90,90
93,Josephine,F,5,1728,1791,63,1752,24,ESTP,0,92,,,92